392 392
334 334
32 32
955 955
963 963
838 838
200 200
622 622
959 959
991 991
927 927
657 657
480 480
981 981
398 398
224 224
797 797
905 905
691 691
153 153
888 888
37 37
531 531
540 540
717 717
662 662
868 868
542 542
857 857
391 391
883 883
385 385
163 163
148 148
241 241
704 704
969 969
970 970
248 248
162 162
393 393
46 46
419 419
363 363
705 705
134 134
187 187
272 272
823 823
213 213
104 104
279 279
855 855
439 439
874 874
118 118
430 430
809 809
685 685
743 743
232 232
317 317
591 591
732 732
978 978
88 88
687 687
847 847
755 755
372 372
671 671
649 649
834 834
610 610
254 254
817 817
483 483
996 996
453 453
318 318
402 402
833 833
796 796
851 851
968 968
681 681
555 555
124 124
65 65
282 282
6 6
580 580
44 44
787 787
280 280
549 549
457 457
315 315
846 846
858 858
